34 25 20 20
25 20 20 34
20 20 34 25
20 34 25 20
34 25 20 20
25 20 20 23
20 20 23 22
20 23 22 20
23 22 20 32
22 20 32 23
20 32 23 34
32 23 34 20
23 34 20 34
34 20 34 22
20 34 22 25
34 22 25 20
22 25 20 34
25 20 34 25
20 34 25 25
34 25 25 20
25 25 20 34
25 20 34 0
20 34 0 34
34 0 34 20
0 34 20 34
34 20 34 0
20 34 0 34
34 0 34 20
0 34 20 34
34 20 34 23
20 34 23 34
34 23 34 20
23 34 20 16
34 20 16 25
20 16 25 34
16 25 34 20
25 34 20 16
34 20 16 25
20 16 25 34
16 25 34 20
25 34 20 16
34 20 16 23
20 16 23 34
16 23 34 20
23 34 20 15
34 20 15 35
20 15 35 15
15 35 15 20
35 15 20 15
15 20 15 22
20 15 22 15
15 22 15 20
22 15 20 15
15 20 15 22
20 15 22 34
15 22 34 20
22 34 20 15
34 20 15 25
20 15 25 34
15 25 34 20
25 34 20 32
34 20 32 11
20 32 11 25
32 11 25 20
