0.0 0.0 49.0 0.0
0.0 49.0 0.0 0.0
49.0 0.0 0.0 0.0
0.0 0.0 0.0 52.0
0.0 0.0 52.0 0.0
0.0 52.0 0.0 0.0
52.0 0.0 0.0 0.0
0.0 0.0 0.0 52.0
0.0 0.0 52.0 0.0
0.0 52.0 0.0 0.0
52.0 0.0 0.0 0.0
0.0 0.0 0.0 52.0
0.0 0.0 52.0 0.0
0.0 52.0 0.0 0.0
52.0 0.0 0.0 0.0
0.0 0.0 0.0 52.0
0.0 0.0 52.0 0.0
0.0 52.0 0.0 0.0
52.0 0.0 0.0 0.0
0.0 0.0 0.0 52.0
0.0 0.0 52.0 0.0
0.0 52.0 0.0 0.0
52.0 0.0 0.0 0.0
0.0 0.0 0.0 52.0
0.0 0.0 52.0 0.0
0.0 52.0 0.0 0.0
52.0 0.0 0.0 0.0
0.0 0.0 0.0 52.0
0.0 0.0 52.0 0.0
0.0 52.0 0.0 0.0
52.0 0.0 0.0 0.0
0.0 0.0 0.0 52.0
0.0 0.0 52.0 0.0
0.0 52.0 0.0 0.0
52.0 0.0 0.0 0.0
0.0 0.0 0.0 51.0
0.0 0.0 51.0 0.0
0.0 51.0 0.0 0.0
51.0 0.0 0.0 0.0
0.0 0.0 0.0 51.0
0.0 0.0 51.0 0.0
0.0 51.0 0.0 0.0
51.0 0.0 0.0 0.0
0.0 0.0 0.0 51.0
0.0 0.0 51.0 0.0
0.0 51.0 0.0 0.0
51.0 0.0 0.0 0.0
0.0 0.0 0.0 51.0
0.0 0.0 51.0 0.0
0.0 51.0 0.0 0.0
51.0 0.0 0.0 0.0
0.0 0.0 0.0 51.0
0.0 0.0 51.0 0.0
0.0 51.0 0.0 0.0
51.0 0.0 0.0 0.0
0.0 0.0 0.0 51.0
0.0 0.0 51.0 0.0
0.0 51.0 0.0 0.0
51.0 0.0 0.0 0.0
0.0 0.0 0.0 53.0
0.0 0.0 53.0 0.0
0.0 53.0 0.0 0.0
53.0 0.0 0.0 0.0
0.0 0.0 0.0 53.0
0.0 0.0 53.0 0.0
0.0 53.0 0.0 0.0
53.0 0.0 0.0 57.0
0.0 0.0 57.0 54.0
0.0 57.0 54.0 0.0
57.0 54.0 0.0 0.0
54.0 0.0 0.0 57.0
0.0 0.0 57.0 54.0
0.0 57.0 54.0 0.0
57.0 54.0 0.0 0.0
54.0 0.0 0.0 57.0
0.0 0.0 57.0 54.0
0.0 57.0 54.0 0.0
57.0 54.0 0.0 0.0
54.0 0.0 0.0 57.0
0.0 0.0 57.0 54.0
0.0 57.0 54.0 0.0
57.0 54.0 0.0 0.0
54.0 0.0 0.0 57.0
0.0 0.0 57.0 54.0
0.0 57.0 54.0 0.0
57.0 54.0 0.0 0.0
54.0 0.0 0.0 57.0
0.0 0.0 57.0 54.0
0.0 57.0 54.0 0.0
57.0 54.0 0.0 0.0
54.0 0.0 0.0 57.0
0.0 0.0 57.0 54.0
0.0 57.0 54.0 0.0
57.0 54.0 0.0 0.0
54.0 0.0 0.0 57.0
0.0 0.0 57.0 54.0
0.0 57.0 54.0 0.0
57.0 54.0 0.0 0.0
54.0 0.0 0.0 56.0
0.0 0.0 56.0 54.0
0.0 56.0 54.0 0.0
56.0 54.0 0.0 0.0
54.0 0.0 0.0 56.0
0.0 0.0 56.0 54.0
0.0 56.0 54.0 0.0
56.0 54.0 0.0 0.0
54.0 0.0 0.0 56.0
0.0 0.0 56.0 54.0
0.0 56.0 54.0 0.0
56.0 54.0 0.0 0.0
54.0 0.0 0.0 56.0
0.0 0.0 56.0 54.0
0.0 56.0 54.0 0.0
56.0 54.0 0.0 0.0
54.0 0.0 0.0 56.0
0.0 0.0 56.0 54.0
0.0 56.0 54.0 0.0
56.0 54.0 0.0 0.0
54.0 0.0 0.0 56.0
0.0 0.0 56.0 54.0
0.0 56.0 54.0 0.0
56.0 54.0 0.0 0.0
54.0 0.0 0.0 56.0
0.0 0.0 56.0 53.0
0.0 56.0 53.0 0.0
56.0 53.0 0.0 0.0
53.0 0.0 0.0 56.0
0.0 0.0 56.0 51.0
0.0 56.0 51.0 0.0
56.0 51.0 0.0 0.0
51.0 0.0 0.0 59.0
0.0 0.0 59.0 53.0
0.0 59.0 53.0 0.0
59.0 53.0 0.0 0.0
53.0 0.0 0.0 59.0
0.0 0.0 59.0 53.0
0.0 59.0 53.0 0.0
59.0 53.0 0.0 0.0
53.0 0.0 0.0 59.0
0.0 0.0 59.0 53.0
0.0 59.0 53.0 0.0
59.0 53.0 0.0 0.0
53.0 0.0 0.0 59.0
0.0 0.0 59.0 53.0
0.0 59.0 53.0 0.0
59.0 53.0 0.0 0.0
53.0 0.0 0.0 59.0
0.0 0.0 59.0 53.0
0.0 59.0 53.0 0.0
59.0 53.0 0.0 0.0
53.0 0.0 0.0 59.0
0.0 0.0 59.0 53.0
0.0 59.0 53.0 0.0
59.0 53.0 0.0 0.0
53.0 0.0 0.0 59.0
0.0 0.0 59.0 53.0
0.0 59.0 53.0 0.0
59.0 53.0 0.0 0.0
53.0 0.0 0.0 59.0
0.0 0.0 59.0 53.0
0.0 59.0 53.0 0.0
59.0 53.0 0.0 0.0
53.0 0.0 0.0 58.0
0.0 0.0 58.0 54.0
0.0 58.0 54.0 0.0
58.0 54.0 0.0 0.0
54.0 0.0 0.0 58.0
0.0 0.0 58.0 54.0
0.0 58.0 54.0 0.0
58.0 54.0 0.0 0.0
54.0 0.0 0.0 58.0
0.0 0.0 58.0 54.0
0.0 58.0 54.0 0.0
58.0 54.0 0.0 0.0
54.0 0.0 0.0 58.0
0.0 0.0 58.0 54.0
0.0 58.0 54.0 0.0
58.0 54.0 0.0 0.0
54.0 0.0 0.0 58.0
0.0 0.0 58.0 54.0
0.0 58.0 54.0 0.0
58.0 54.0 0.0 0.0
54.0 0.0 0.0 58.0
0.0 0.0 58.0 54.0
0.0 58.0 54.0 0.0
58.0 54.0 0.0 0.0
54.0 0.0 0.0 60.0
0.0 0.0 60.0 54.0
0.0 60.0 54.0 0.0
60.0 54.0 0.0 0.0
54.0 0.0 0.0 60.0
0.0 0.0 60.0 54.0
0.0 60.0 54.0 0.0
60.0 54.0 0.0 0.0
54.0 0.0 0.0 61.0
0.0 0.0 61.0 0.0
0.0 61.0 0.0 0.0
61.0 0.0 0.0 0.0
0.0 0.0 0.0 61.0
0.0 0.0 61.0 0.0
0.0 61.0 0.0 0.0
61.0 0.0 0.0 0.0
0.0 0.0 0.0 61.0
0.0 0.0 61.0 0.0
0.0 61.0 0.0 0.0
61.0 0.0 0.0 0.0
0.0 0.0 0.0 61.0
0.0 0.0 61.0 0.0
0.0 61.0 0.0 0.0
61.0 0.0 0.0 0.0
0.0 0.0 0.0 61.0
0.0 0.0 61.0 55.0
0.0 61.0 55.0 0.0
61.0 55.0 0.0 0.0
55.0 0.0 0.0 61.0
0.0 0.0 61.0 55.0
0.0 61.0 55.0 0.0
61.0 55.0 0.0 0.0
55.0 0.0 0.0 61.0
0.0 0.0 61.0 55.0
0.0 61.0 55.0 0.0
61.0 55.0 0.0 0.0
55.0 0.0 0.0 61.0
0.0 0.0 61.0 55.0
0.0 61.0 55.0 0.0
61.0 55.0 0.0 0.0
55.0 0.0 0.0 61.0
0.0 0.0 61.0 56.0
0.0 61.0 56.0 0.0
61.0 56.0 0.0 0.0
56.0 0.0 0.0 61.0
0.0 0.0 61.0 56.0
0.0 61.0 56.0 0.0
61.0 56.0 0.0 0.0
56.0 0.0 0.0 61.0
0.0 0.0 61.0 56.0
0.0 61.0 56.0 0.0
61.0 56.0 0.0 0.0
56.0 0.0 0.0 61.0
0.0 0.0 61.0 56.0
0.0 61.0 56.0 0.0
61.0 56.0 0.0 0.0
56.0 0.0 0.0 61.0
0.0 0.0 61.0 51.0
0.0 61.0 51.0 0.0
61.0 51.0 0.0 0.0
51.0 0.0 0.0 61.0
0.0 0.0 61.0 51.0
0.0 61.0 51.0 0.0
61.0 51.0 0.0 0.0
51.0 0.0 0.0 60.0
0.0 0.0 60.0 51.0
0.0 60.0 51.0 0.0
60.0 51.0 0.0 0.0
51.0 0.0 0.0 58.0
0.0 0.0 58.0 51.0
0.0 58.0 51.0 0.0
58.0 51.0 0.0 0.0
51.0 0.0 0.0 60.0
0.0 0.0 60.0 56.0
0.0 60.0 56.0 0.0
60.0 56.0 0.0 0.0
56.0 0.0 0.0 60.0
0.0 0.0 60.0 56.0
0.0 60.0 56.0 0.0
60.0 56.0 0.0 0.0
56.0 0.0 0.0 60.0
0.0 0.0 60.0 56.0
0.0 60.0 56.0 0.0
60.0 56.0 0.0 0.0
56.0 0.0 0.0 60.0
0.0 0.0 60.0 56.0
0.0 60.0 56.0 0.0
60.0 56.0 0.0 0.0
56.0 0.0 0.0 60.0
0.0 0.0 60.0 54.0
0.0 60.0 54.0 0.0
60.0 54.0 0.0 0.0
54.0 0.0 0.0 60.0
0.0 0.0 60.0 54.0
0.0 60.0 54.0 0.0
60.0 54.0 0.0 0.0
54.0 0.0 0.0 60.0
0.0 0.0 60.0 54.0
0.0 60.0 54.0 0.0
60.0 54.0 0.0 0.0
54.0 0.0 0.0 60.0
0.0 0.0 60.0 54.0
0.0 60.0 54.0 0.0
60.0 54.0 0.0 0.0
54.0 0.0 0.0 61.0
0.0 0.0 61.0 52.0
0.0 61.0 52.0 0.0
61.0 52.0 0.0 0.0
52.0 0.0 0.0 61.0
0.0 0.0 61.0 52.0
0.0 61.0 52.0 0.0
61.0 52.0 0.0 0.0
52.0 0.0 0.0 61.0
0.0 0.0 61.0 52.0
0.0 61.0 52.0 0.0
61.0 52.0 0.0 0.0
52.0 0.0 0.0 61.0
0.0 0.0 61.0 52.0
0.0 61.0 52.0 0.0
61.0 52.0 0.0 0.0
52.0 0.0 0.0 56.0
0.0 0.0 56.0 52.0
0.0 56.0 52.0 0.0
56.0 52.0 0.0 0.0
52.0 0.0 0.0 56.0
0.0 0.0 56.0 52.0
0.0 56.0 52.0 0.0
56.0 52.0 0.0 0.0
52.0 0.0 0.0 56.0
0.0 0.0 56.0 52.0
0.0 56.0 52.0 0.0
56.0 52.0 0.0 0.0
52.0 0.0 0.0 56.0
0.0 0.0 56.0 52.0
0.0 56.0 52.0 0.0
56.0 52.0 0.0 0.0
52.0 0.0 0.0 61.0
0.0 0.0 61.0 0.0
0.0 61.0 0.0 0.0
61.0 0.0 0.0 0.0
0.0 0.0 0.0 61.0
0.0 0.0 61.0 0.0
0.0 61.0 0.0 0.0
61.0 0.0 0.0 0.0
0.0 0.0 0.0 61.0
0.0 0.0 61.0 0.0
0.0 61.0 0.0 0.0
61.0 0.0 0.0 0.0
0.0 0.0 0.0 61.0
0.0 0.0 61.0 0.0
0.0 61.0 0.0 0.0
61.0 0.0 0.0 0.0
0.0 0.0 0.0 59.0
0.0 0.0 59.0 53.0
0.0 59.0 53.0 0.0
59.0 53.0 0.0 0.0
53.0 0.0 0.0 59.0
0.0 0.0 59.0 53.0
0.0 59.0 53.0 0.0
59.0 53.0 0.0 0.0
53.0 0.0 0.0 59.0
0.0 0.0 59.0 53.0
0.0 59.0 53.0 0.0
59.0 53.0 0.0 0.0
53.0 0.0 0.0 59.0
0.0 0.0 59.0 53.0
0.0 59.0 53.0 0.0
59.0 53.0 0.0 0.0
53.0 0.0 0.0 57.0
0.0 0.0 57.0 54.0
0.0 57.0 54.0 0.0
57.0 54.0 0.0 0.0
54.0 0.0 0.0 57.0
0.0 0.0 57.0 54.0
0.0 57.0 54.0 0.0
57.0 54.0 0.0 0.0
54.0 0.0 0.0 57.0
0.0 0.0 57.0 54.0
0.0 57.0 54.0 0.0
57.0 54.0 0.0 0.0
54.0 0.0 0.0 57.0
0.0 0.0 57.0 54.0
0.0 57.0 54.0 0.0
57.0 54.0 0.0 0.0
54.0 0.0 0.0 57.0
0.0 0.0 57.0 49.0
0.0 57.0 49.0 0.0
57.0 49.0 0.0 0.0
49.0 0.0 0.0 57.0
0.0 0.0 57.0 49.0
0.0 57.0 49.0 0.0
57.0 49.0 0.0 0.0
49.0 0.0 0.0 57.0
0.0 0.0 57.0 49.0
0.0 57.0 49.0 0.0
57.0 49.0 0.0 0.0
49.0 0.0 0.0 57.0
0.0 0.0 57.0 49.0
0.0 57.0 49.0 0.0
57.0 49.0 0.0 0.0
49.0 0.0 0.0 0.0
0.0 0.0 0.0 54.0
0.0 0.0 54.0 0.0
0.0 54.0 0.0 0.0
54.0 0.0 0.0 0.0
0.0 0.0 0.0 54.0
0.0 0.0 54.0 0.0
0.0 54.0 0.0 0.0
54.0 0.0 0.0 0.0
0.0 0.0 0.0 54.0
0.0 0.0 54.0 0.0
0.0 54.0 0.0 0.0
54.0 0.0 0.0 0.0
0.0 0.0 0.0 54.0
0.0 0.0 54.0 0.0
0.0 54.0 0.0 0.0
54.0 0.0 0.0 58.0
0.0 0.0 58.0 52.0
0.0 58.0 52.0 0.0
58.0 52.0 0.0 0.0
52.0 0.0 0.0 58.0
0.0 0.0 58.0 52.0
0.0 58.0 52.0 0.0
58.0 52.0 0.0 0.0
52.0 0.0 0.0 58.0
0.0 0.0 58.0 52.0
0.0 58.0 52.0 0.0
58.0 52.0 0.0 0.0
52.0 0.0 0.0 58.0
0.0 0.0 58.0 52.0
0.0 58.0 52.0 0.0
58.0 52.0 0.0 0.0
52.0 0.0 0.0 59.0
0.0 0.0 59.0 50.0
0.0 59.0 50.0 0.0
59.0 50.0 0.0 0.0
50.0 0.0 0.0 59.0
0.0 0.0 59.0 50.0
0.0 59.0 50.0 0.0
59.0 50.0 0.0 0.0
50.0 0.0 0.0 59.0
0.0 0.0 59.0 50.0
0.0 59.0 50.0 0.0
59.0 50.0 0.0 0.0
50.0 0.0 0.0 59.0
0.0 0.0 59.0 50.0
0.0 59.0 50.0 0.0
59.0 50.0 0.0 0.0
50.0 0.0 0.0 54.0
0.0 0.0 54.0 50.0
0.0 54.0 50.0 0.0
54.0 50.0 0.0 0.0
50.0 0.0 0.0 54.0
0.0 0.0 54.0 50.0
0.0 54.0 50.0 0.0
54.0 50.0 0.0 0.0
50.0 0.0 0.0 54.0
0.0 0.0 54.0 49.0
0.0 54.0 49.0 0.0
54.0 49.0 0.0 0.0
49.0 0.0 0.0 54.0
0.0 0.0 54.0 49.0
0.0 54.0 49.0 0.0
54.0 49.0 0.0 62.0
49.0 0.0 62.0 59.0
0.0 62.0 59.0 47.0
62.0 59.0 47.0 0.0
59.0 47.0 0.0 62.0
47.0 0.0 62.0 59.0
0.0 62.0 59.0 47.0
62.0 59.0 47.0 0.0
59.0 47.0 0.0 62.0
47.0 0.0 62.0 59.0
0.0 62.0 59.0 49.0
62.0 59.0 49.0 0.0
59.0 49.0 0.0 62.0
49.0 0.0 62.0 59.0
0.0 62.0 59.0 49.0
62.0 59.0 49.0 0.0
59.0 49.0 0.0 62.0
49.0 0.0 62.0 57.0
0.0 62.0 57.0 50.0
62.0 57.0 50.0 0.0
57.0 50.0 0.0 62.0
50.0 0.0 62.0 57.0
0.0 62.0 57.0 50.0
62.0 57.0 50.0 0.0
57.0 50.0 0.0 62.0
50.0 0.0 62.0 57.0
0.0 62.0 57.0 47.0
62.0 57.0 47.0 0.0
57.0 47.0 0.0 62.0
47.0 0.0 62.0 57.0
0.0 62.0 57.0 47.0
62.0 57.0 47.0 0.0
57.0 47.0 0.0 61.0
47.0 0.0 61.0 56.0
0.0 61.0 56.0 52.0
61.0 56.0 52.0 0.0
56.0 52.0 0.0 61.0
52.0 0.0 61.0 56.0
0.0 61.0 56.0 52.0
61.0 56.0 52.0 0.0
56.0 52.0 0.0 61.0
52.0 0.0 61.0 56.0
0.0 61.0 56.0 50.0
61.0 56.0 50.0 0.0
56.0 50.0 0.0 61.0
50.0 0.0 61.0 56.0
0.0 61.0 56.0 50.0
61.0 56.0 50.0 0.0
56.0 50.0 0.0 61.0
50.0 0.0 61.0 58.0
0.0 61.0 58.0 49.0
61.0 58.0 49.0 0.0
58.0 49.0 0.0 61.0
49.0 0.0 61.0 58.0
0.0 61.0 58.0 49.0
61.0 58.0 49.0 0.0
58.0 49.0 0.0 61.0
49.0 0.0 61.0 59.0
0.0 61.0 59.0 47.0
61.0 59.0 47.0 0.0
59.0 47.0 0.0 61.0
47.0 0.0 61.0 59.0
0.0 61.0 59.0 47.0
61.0 59.0 47.0 0.0
59.0 47.0 0.0 64.0
47.0 0.0 64.0 61.0
0.0 64.0 61.0 46.0
64.0 61.0 46.0 0.0
61.0 46.0 0.0 64.0
46.0 0.0 64.0 61.0
0.0 64.0 61.0 46.0
64.0 61.0 46.0 0.0
61.0 46.0 0.0 64.0
46.0 0.0 64.0 61.0
0.0 64.0 61.0 44.0
64.0 61.0 44.0 0.0
61.0 44.0 0.0 64.0
44.0 0.0 64.0 61.0
0.0 64.0 61.0 44.0
64.0 61.0 44.0 0.0
61.0 44.0 0.0 64.0
44.0 0.0 64.0 61.0
0.0 64.0 61.0 46.0
64.0 61.0 46.0 0.0
61.0 46.0 0.0 64.0
46.0 0.0 64.0 61.0
0.0 64.0 61.0 46.0
64.0 61.0 46.0 0.0
61.0 46.0 0.0 64.0
46.0 0.0 64.0 61.0
0.0 64.0 61.0 42.0
64.0 61.0 42.0 0.0
61.0 42.0 0.0 64.0
42.0 0.0 64.0 61.0
0.0 64.0 61.0 42.0
64.0 61.0 42.0 0.0
61.0 42.0 0.0 63.0
42.0 0.0 63.0 61.0
0.0 63.0 61.0 47.0
63.0 61.0 47.0 0.0
61.0 47.0 0.0 63.0
47.0 0.0 63.0 61.0
0.0 63.0 61.0 47.0
63.0 61.0 47.0 0.0
61.0 47.0 0.0 63.0
47.0 0.0 63.0 61.0
0.0 63.0 61.0 47.0
63.0 61.0 47.0 0.0
61.0 47.0 0.0 63.0
47.0 0.0 63.0 61.0
0.0 63.0 61.0 47.0
63.0 61.0 47.0 0.0
61.0 47.0 0.0 63.0
47.0 0.0 63.0 59.0
0.0 63.0 59.0 44.0
63.0 59.0 44.0 0.0
59.0 44.0 0.0 63.0
44.0 0.0 63.0 59.0
0.0 63.0 59.0 44.0
63.0 59.0 44.0 0.0
59.0 44.0 0.0 65.0
44.0 0.0 65.0 59.0
0.0 65.0 59.0 44.0
65.0 59.0 44.0 0.0
59.0 44.0 0.0 65.0
44.0 0.0 65.0 59.0
0.0 65.0 59.0 44.0
65.0 59.0 44.0 0.0
59.0 44.0 0.0 66.0
44.0 0.0 66.0 61.0
0.0 66.0 61.0 45.0
66.0 61.0 45.0 45.0
61.0 45.0 45.0 66.0
45.0 45.0 66.0 61.0
45.0 66.0 61.0 45.0
66.0 61.0 45.0 45.0
61.0 45.0 45.0 66.0
45.0 45.0 66.0 61.0
45.0 66.0 61.0 45.0
66.0 61.0 45.0 45.0
61.0 45.0 45.0 66.0
45.0 45.0 66.0 61.0
45.0 66.0 61.0 45.0
66.0 61.0 45.0 45.0
61.0 45.0 45.0 66.0
45.0 45.0 66.0 54.0
45.0 66.0 54.0 47.0
66.0 54.0 47.0 45.0
54.0 47.0 45.0 66.0
47.0 45.0 66.0 54.0
45.0 66.0 54.0 47.0
66.0 54.0 47.0 45.0
54.0 47.0 45.0 66.0
47.0 45.0 66.0 54.0
45.0 66.0 54.0 49.0
66.0 54.0 49.0 45.0
54.0 49.0 45.0 66.0
49.0 45.0 66.0 54.0
45.0 66.0 54.0 49.0
66.0 54.0 49.0 45.0
54.0 49.0 45.0 66.0
49.0 45.0 66.0 59.0
45.0 66.0 59.0 50.0
66.0 59.0 50.0 44.0
59.0 50.0 44.0 66.0
50.0 44.0 66.0 59.0
44.0 66.0 59.0 50.0
66.0 59.0 50.0 44.0
59.0 50.0 44.0 66.0
50.0 44.0 66.0 59.0
44.0 66.0 59.0 49.0
66.0 59.0 49.0 44.0
59.0 49.0 44.0 66.0
49.0 44.0 66.0 59.0
44.0 66.0 59.0 49.0
66.0 59.0 49.0 44.0
59.0 49.0 44.0 66.0
49.0 44.0 66.0 59.0
44.0 66.0 59.0 47.0
66.0 59.0 47.0 44.0
59.0 47.0 44.0 66.0
47.0 44.0 66.0 59.0
44.0 66.0 59.0 47.0
66.0 59.0 47.0 44.0
59.0 47.0 44.0 65.0
47.0 44.0 65.0 57.0
44.0 65.0 57.0 49.0
65.0 57.0 49.0 44.0
57.0 49.0 44.0 63.0
49.0 44.0 63.0 57.0
44.0 63.0 57.0 49.0
63.0 57.0 49.0 44.0
57.0 49.0 44.0 65.0
49.0 44.0 65.0 56.0
44.0 65.0 56.0 50.0
65.0 56.0 50.0 47.0
56.0 50.0 47.0 65.0
50.0 47.0 65.0 56.0
47.0 65.0 56.0 50.0
65.0 56.0 50.0 47.0
56.0 50.0 47.0 65.0
50.0 47.0 65.0 56.0
47.0 65.0 56.0 44.0
65.0 56.0 44.0 47.0
56.0 44.0 47.0 65.0
44.0 47.0 65.0 56.0
47.0 65.0 56.0 44.0
65.0 56.0 44.0 47.0
56.0 44.0 47.0 65.0
44.0 47.0 65.0 56.0
47.0 65.0 56.0 49.0
65.0 56.0 49.0 47.0
56.0 49.0 47.0 65.0
49.0 47.0 65.0 56.0
47.0 65.0 56.0 49.0
65.0 56.0 49.0 47.0
56.0 49.0 47.0 65.0
49.0 47.0 65.0 56.0
47.0 65.0 56.0 49.0
65.0 56.0 49.0 47.0
56.0 49.0 47.0 65.0
49.0 47.0 65.0 56.0
47.0 65.0 56.0 49.0
65.0 56.0 49.0 47.0
56.0 49.0 47.0 66.0
49.0 47.0 66.0 54.0
47.0 66.0 54.0 49.0
66.0 54.0 49.0 46.0
54.0 49.0 46.0 66.0
49.0 46.0 66.0 54.0
46.0 66.0 54.0 49.0
66.0 54.0 49.0 46.0
54.0 49.0 46.0 66.0
49.0 46.0 66.0 54.0
46.0 66.0 54.0 49.0
66.0 54.0 49.0 46.0
54.0 49.0 46.0 66.0
49.0 46.0 66.0 54.0
46.0 66.0 54.0 49.0
66.0 54.0 49.0 46.0
54.0 49.0 46.0 0.0
49.0 46.0 0.0 0.0
46.0 0.0 0.0 54.0
0.0 0.0 54.0 46.0
0.0 54.0 46.0 0.0
54.0 46.0 0.0 0.0
46.0 0.0 0.0 54.0
0.0 0.0 54.0 46.0
0.0 54.0 46.0 0.0
54.0 46.0 0.0 0.0
46.0 0.0 0.0 54.0
0.0 0.0 54.0 48.0
0.0 54.0 48.0 0.0
54.0 48.0 0.0 0.0
48.0 0.0 0.0 54.0
0.0 0.0 54.0 48.0
0.0 54.0 48.0 0.0
54.0 48.0 0.0 0.0
48.0 0.0 0.0 54.0
0.0 0.0 54.0 49.0
0.0 54.0 49.0 0.0
54.0 49.0 0.0 0.0
49.0 0.0 0.0 54.0
0.0 0.0 54.0 49.0
0.0 54.0 49.0 0.0
54.0 49.0 0.0 0.0
49.0 0.0 0.0 54.0
0.0 0.0 54.0 49.0
0.0 54.0 49.0 0.0
54.0 49.0 0.0 0.0
49.0 0.0 0.0 54.0
0.0 0.0 54.0 49.0
0.0 54.0 49.0 67.0
54.0 49.0 67.0 0.0
49.0 67.0 0.0 52.0
67.0 0.0 52.0 49.0
0.0 52.0 49.0 67.0
52.0 49.0 67.0 0.0
49.0 67.0 0.0 52.0
67.0 0.0 52.0 49.0
0.0 52.0 49.0 67.0
52.0 49.0 67.0 0.0
49.0 67.0 0.0 52.0
67.0 0.0 52.0 49.0
0.0 52.0 49.0 67.0
52.0 49.0 67.0 0.0
49.0 67.0 0.0 52.0
67.0 0.0 52.0 49.0
0.0 52.0 49.0 68.0
52.0 49.0 68.0 0.0
49.0 68.0 0.0 51.0
68.0 0.0 51.0 49.0
0.0 51.0 49.0 68.0
51.0 49.0 68.0 0.0
49.0 68.0 0.0 51.0
68.0 0.0 51.0 49.0
0.0 51.0 49.0 68.0
51.0 49.0 68.0 0.0
49.0 68.0 0.0 51.0
68.0 0.0 51.0 49.0
0.0 51.0 49.0 68.0
51.0 49.0 68.0 0.0
49.0 68.0 0.0 51.0
68.0 0.0 51.0 49.0
0.0 51.0 49.0 63.0
51.0 49.0 63.0 0.0
49.0 63.0 0.0 56.0
63.0 0.0 56.0 49.0
0.0 56.0 49.0 63.0
56.0 49.0 63.0 0.0
49.0 63.0 0.0 56.0
63.0 0.0 56.0 49.0
0.0 56.0 49.0 63.0
56.0 49.0 63.0 0.0
49.0 63.0 0.0 56.0
63.0 0.0 56.0 48.0
0.0 56.0 48.0 63.0
56.0 48.0 63.0 0.0
48.0 63.0 0.0 56.0
63.0 0.0 56.0 46.0
0.0 56.0 46.0 68.0
56.0 46.0 68.0 0.0
46.0 68.0 0.0 56.0
68.0 0.0 56.0 48.0
0.0 56.0 48.0 68.0
56.0 48.0 68.0 0.0
48.0 68.0 0.0 56.0
68.0 0.0 56.0 48.0
0.0 56.0 48.0 68.0
56.0 48.0 68.0 0.0
48.0 68.0 0.0 56.0
68.0 0.0 56.0 48.0
0.0 56.0 48.0 68.0
56.0 48.0 68.0 0.0
48.0 68.0 0.0 56.0
68.0 0.0 56.0 48.0
0.0 56.0 48.0 66.0
56.0 48.0 66.0 63.0
48.0 66.0 63.0 56.0
66.0 63.0 56.0 48.0
63.0 56.0 48.0 66.0
56.0 48.0 66.0 63.0
48.0 66.0 63.0 56.0
66.0 63.0 56.0 48.0
