66
66
68
64
68
68
64
64
73
73
68
73
61
61
73
73
66
66
68
68
68
68
64
64
61
61
64
64
61
61
61
61
61
61
66
66
61
61
66
66
64
64
66
66
65
65
65
65
65
65
66
65
66
66
65
66
66
66
73
73
66
64
64
64
66
66
68
68
64
64
64
64
57
57
57
57
57
57
67
69
68
66
68
68
69
69
66
66
68
68
66
66
68
62
66
66
66
66
66
66
66
66
66
66
64
64
68
68
68
68
68
68
69
69
69
69
66
66
66
66
66
66
61
61
64
64
73
73
68
68
61
61
66
66
66
66
65
65
61
61
66
66
69
69
68
68
65
65
65
65
65
65
66
66
66
66
66
66
64
66
64
64
71
71
69
69
64
64
68
64
64
64
68
68
68
68
73
73
68
73
66
66
66
66
68
68
68
66
68
68
66
68
61
61
65
65
66
66
61
61
61
61
66
61
64
64
68
68
69
69
68
64
66
66
65
65
66
66
66
66
66
66
66
66
66
66
66
66
68
68
68
68
66
66
66
66
66
66
66
66
71
71
68
66
68
68
68
68
69
69
68
66
66
66
66
68
