64 64 45 42
64 56 50 44
66 59 44 44
65 62 44 42
69 62 52 47
67 54 50 44
69 63 51 38
67 56 54 47
71 64 54 49
71 64 49 49
64 64 51 37
65 66 51 40
68 59 56 45
66 59 51 48
64 63 44 37
71 66 49 42
66 62 47 42
66 59 50 42
71 66 42 44
67 59 52 42
67 61 47 42
69 61 49 46
67 62 47 42
64 64 49 45
64 64 50 38
64 69 51 49
65 56 56 37
67 57 44 49
69 54 50 38
61 59 49 37
73 61 45 40
73 62 44 49
66 61 52 46
68 57 44 38
65 56 53 44
68 56 54 44
64 58 52 42
59 57 49 47
59 62 49 49
67 59 50 49
64 61 52 49
59 61 49 45
61 57 47 42
61 54 52 45
61 59 54 42
67 58 54 47
59 58 50 49
66 62 52 42
62 53 54 47
59 57 54 40
61 56 52 45
61 57 49 44
61 57 54 42
59 57 56 45
57 61 54 49
64 54 50 49
62 54 49 47
62 52 52 45
61 62 47 47
64 59 56 44
64 62 49 44
63 59 54 40
63 62 51 49
62 61 47 49
62 59 47 40
66 61 54 49
62 61 54 42
65 59 54 45
67 59 51 37
68 59 54 42
63 59 56 42
68 62 47 40
62 56 51 35
62 56 50 36
64 56 52 43
64 61 44 47
64 62 49 45
57 59 42 38
64 59 47 38
66 61 47 42
67 61 45 35
64 59 50 36
64 56 49 38
64 64 44 34
65 58 47 45
66 59 52 34
64 54 43 38
67 56 46 38
63 61 47 35
66 56 45 49
61 59 49 44
64 62 49 45
64 57 47 45
66 61 47 42
66 59 44 42
61 62 47 35
66 56 45 38
66 56 49 49
64 56 49 44
65 57 49 45
65 64 52 45
66 66 49 40
63 59 45 42
69 58 54 48
66 56 47 47
66 57 54 49
61 62 49 49
65 56 49 49
68 66 48 42
69 63 56 37
69 62 47 47
69 54 49 48
69 61 50 39
66 57 56 49
59 56 56 47
61 56 45 44
71 59 48 38
65 66 44 42
66 58 50 40
69 54 51 42
69 54 50 47
64 64 54 47
61 56 56 45
62 57 52 42
71 54 50 42
61 59 49 47
65 58 49 40
69 58 49 47
62 61 54 47
62 59 54 47
59 57 49 45
71 54 49 44
69 56 52 45
66 57 56 42
68 62 51 49
63 62 45 49
64 56 51 47
68 57 54 40
59 57 54 49
59 54 56 44
61 57 49 44
68 57 49 45
59 64 54 49
59 61 52 46
58 61 49 47
59 54 49 40
59 53 49 38
59 59 49 44
61 57 44 42
57 59 48 37
63 54 51 40
64 56 49 49
66 57 45 40
62 54 52 49
62 57 47 45
61 57 54 45
65 59 49 37
64 64 42 38
64 57 52 38
64 62 54 47
62 62 45 35
71 61 54 36
64 61 56 43
61 57 49 47
65 57 51 45
68 56 54 49
64 61 56 49
63 56 44 48
63 62 51 48
66 61 45 49
64 56 49 40
61 58 49 40
65 62 47 45
57 59 47 42
64 59 49 38
68 54 45 38
73 64 47 35
62 63 52 35
62 59 49 36
66 64 49 45
64 59 49 45
66 59 54 40
61 58 50 37
67 58 47 35
66 65 45 42
62 59 53 42
62 59 50 49
64 63 44 45
68 59 49 42
64 59 49 38
66 58 47 42
63 61 47 42
62 64 46 37
62 59 49 38
66 56 44 45
70 54 49 45
66 66 52 42
65 54 48 45
66 63 47 42
69 57 49 47
67 61 50 47
69 65 54 49
66 64 56 47
59 57 49 49
64 65 44 42
71 59 51 49
66 66 52 42
66 54 47 42
68 63 50 39
64 61 45 49
68 64 49 49
65 56 54 37
67 59 44 45
66 54 45 45
69 62 52 49
64 56 51 47
69 62 54 40
66 64 54 48
62 64 54 49
63 57 44 38
61 56 53 44
62 57 49 42
59 66 50 47
71 63 56 49
64 56 50 47
68 64 50 47
59 57 54 38
61 61 47 45
56 54 52 40
59 61 52 42
68 58 51 47
64 62 54 47
59 64 54 47
62 62 54 39
69 59 49 40
61 59 53 40
62 66 53 42
59 57 47 47
58 54 45 40
61 59 54 40
59 66 49 38
59 62 50 44
66 61 45 38
59 59 49 44
59 56 44 42
64 54 49 40
66 54 50 38
63 64 52 42
62 56 49 38
64 58 51 33
66 64 52 37
68 59 49 37
64 54 54 38
69 64 44 49
59 62 47 39
66 61 56 47
