65
65
65
65
65
65
65
65
65
65
65
65
65
65
65
65
65
65
65
65
65
65
65
65
65
65
65
65
65
65
65
65
65
65
65
65
65
71
70
72
74
73
73
72
73
70
73
68
68
69
69
68
66
66
66
66
66
66
66
66
63
65
65
65
65
62
62
61
61
63
59
57
57
62
61
62
65
63
65
65
65
66
66
66
66
66
64
63
63
64
64
63
65
63
62
64
63
64
64
64
63
64
62
63
64
63
63
63
64
60
61
61
71
74
68
68
69
69
68
68
73
71
72
72
65
67
69
69
73
73
72
72
69
73
72
68
68
73
75
70
72
73
72
72
72
73
73
74
74
73
73
72
72
72
73
68
67
68
68
68
68
68
66
66
66
64
64
65
65
65
65
65
65
65
66
66
66
66
66
66
66
66
66
66
66
66
66
66
66
66
66
66
66
66
66
66
66
66
66
66
66
66
66
66
64
63
65
64
63
62
61
61
63
62
63
61
62
61
61
61
62
62
63
64
64
62
63
62
64
61
63
61
62
61
57
56
61
58
68
68
68
66
64
62
63
64
64
64
62
65
62
64
63
64
63
63
